r_arm:0.4137405843149542, 1.1608109314288155, 0.49999264036091384, -1.3144141819780968, 6.0653812892688803, -1.7070679985657822, 39.468290337816875
l_arm:0.074760704975483483, 1.1772828957840384, 0.23408182689158763, -1.2958100742210052, -6.3347770313284029, -1.3574342708040752, -4.6453624082430798
r_gripper: 0.019482
l_gripper: 0.016205
head:0.04881780228882119, 0.45416957795396445
torso:0.304981962655
