r_arm:0.050085404053884175, 1.2829913842523055, -0.16913080323027807, -1.4669441686047071, -0.012063118406460271, -1.3113951534611012, -1.746363745438128
l_arm:-0.050013617193043865, 1.2825932081941535, 0.16163038504364008, -1.461367217050589, -0.011286184688878091, -1.3117499220720577, -1.40099099221916462
r_gripper: 0.087323
l_gripper: 0.085623
head:-0.0058269184923506103, 0.48757517983713594
torso:0.299901952986
