r_arm:0.4503853091867418, 1.2039543422120873, 0.49181454421604931, -1.2792348991118996, 6.0642821946168208, -1.7290400032160764, 39.423693694714792
l_arm:0.074843611592840475, 1.2196649522593701, 0.23648714928713588, -1.2525236315173305, -6.3392312570235951, -1.34729669242087, -4.650017862693737
r_gripper: 0.087229
l_gripper: 0.087164
head:0.0011703137093759973, -0.15404275978101953
torso:0.304981962655
