r_arm:0.21578483798718173, 1.2516687442884926, 0.15253355086154663, -1.4464170449719591, -6.3756410897711309, -0.73626231819761101, 1.4467475405212213
l_arm:-0.04535768354244285, 1.2508967468188212, 0.11957520294807789, -1.4683580756299257, -0.14240478633011502, -0.65125324466619006, -4.5812235090543147
r_gripper: 0.085107
l_gripper: 0.084384
head:-0.01965855880498318, 0.30326841082653472
torso:0.299995540039
