r_arm:0.16579214772091944, 1.299887850458032, 0.14852468020229947, -1.4396128215369333, -0.056425311291902078, -1.0191642781123895, -4.7673366235120618
l_arm:-0.061856100396483149, 1.2939555626789889, 0.16848342499089308, -1.4576450429875447, -0.038742806514710772, -0.93164815366802101, 1.7228818192461337
r_gripper: 0.018766
l_gripper: 0.020246
head:-0.024056788520008685, 0.30494392690844929
torso:0.300031890375
