r_arm:-0.015957770092458152, 1.2959212037544532, -0.2516205651248119, -1.5374761167216899, 0.14948563922695352, -1.0448734206111454, -1.8307530043413478
l_arm:-0.018231247843826372, 1.2967586026071705, 0.20754304076418312, -1.5376227366004991, 6.1438874261699867, -1.0636244905100256, -4.4649941490494687
